00000000000000000031413111131413000000000000000000
00000000000000000100000020000000100000000000000000
00000000000000004000020000000000030000000000000000
00000000000000031000000000020000013000000000000000
00000000000000100000141311314100000100000000000000
00000000000014020013000000000031002041000000000000
00000000001300001400000000000000410000310000000000
00000000040000030000000000000000003200004000000000
00000000102220100000000000000000000100200100000000
00000003000004000000000000000000000040000030000000

00000012000010000000000000000000000001000001000000
00000400020300000000000000000000000000300000400000
00000100000100000000000000000000000000100000100000
00003002004000000000000000000000000000040000030000
00001000001000000000000000000000000000010000010000
00040000030000000000000000000000000000004000003000
00010000010000000000000000000000000000001000001000
00030000040000000000000000000000000000003000004000
00010000010000000000000000000000000000001000001000
00040000030000000000000000000000000000004000003000

00010000010000000000000000000000000000001000001000
00030000040000000000000000000000000000003000004000
00010000010000000000000000000000000000001000001000
00040000030000000000000000000000000000004000003000
00010000010000000000000000000000000000001000001000
00030000040000000000000000000000000000003000004000
00010000010000000000000000000000000000001000001000
00040000030000000000000000000000000000004000003000
00010000010000000000000000000000000000001000001000
00030000040000000000000000000000000000003000004000

00010000010000000000000000000000000000001000001000
00040000030000000000000000000000000000004000003000
00010000010000000000000000000000000000001000001000
00030000040000000000000000000000000000003000004000
00010000010000000000000000000000000000001000001000
00003000004000000000000000000000000000040000030000
00001000001000000000000000000000000000010000010000
00000400000400000000000000000000000000300000400000
00000100000100000000000000000000000000100000100000
00000030000040000000000000000000000004000003000000

00000003000004000000000000000000000040000030000000
00000000100000100000000000000000000100000100000000
00000000040000030000000000000000003000004000000000
00000000001300001400000000000000410000310000000000
00000000000014000013000000000031000041000000000000
00000000000000100000141311314100000100000000000000
00000000000000031000000000000000013000000000000000
00000000000000004000000000000000030000000000000000
00000000000000000100000000000000100000000000000000
00000000000000000031413111131413000000000000000000