00000010000010000000000000000000000001000001000000
00000400000300000000000000000000000000300000400000
00000102020100000000000000000000000000100000100000
00003000004000000000000000000000000000040000030000
00001000001000000000000000000000000000010000010000
00040202030000000000000000000000000000004000003000
00010000010000000000000000000000000000001000001000
00030000040000000000000000000000000000003000004000
00010000010000000000000000000000000000001000001000
00040000030000000000000000000000000000004000003000
