<Hierarchy>:
	<Frame>: 0 Rock
		<Transform>: 3 0 2 0 0 0 1 1 1 0 0 0 1  
		<TransformMatrix>: 1 0 0 0 0 1 0 0 0 0 1 0 3 0 2 1  
		<Mesh>: 65 Rock
			<Bounds>: -0.02542469 0.4468704 0.01762405 0.3423539 0.3491212 0.3286839
			<Positions>: 65 0.1557625 0.5233811 0.09933738 0.3064275 0.3619059 -0.1467178 0.1557625 0.5233811 0.016059 0.3064275 0.3619059 -0.1467178 0.3064275 0.3619059 0.181966 0.01965586 0.4889498 0.2877911 0.1175169 0.3249226 0.3463079 -0.1236827 0.4996754 0.2877911 -0.1294372 0.3595276 0.3463079 -0.2852723 0.4872977 0.1588221 -0.3677785 0.3169877 0.181966 -0.2852723 0.4569836 0.016059 -0.3677785 0.3169876 -0.1467178 -0.1710442 0.506327 -0.1723947 -0.1294372 0.3595276 -0.3110598 0.02093885 0.5069404 -0.1723947 0.1487225 0.2618832 -0.3103789 0.1557625 0.5233811 0.016059 -0.2852723 0.4872977 0.1588221 -0.2905711 0.6337069 -0.03001342 -0.2852723 0.4569836 0.016059 -0.2905711 0.664021 0.1247462 -0.1236827 0.4996754 0.2877911 -0.1091252 0.7009202 0.2501805 0.01965586 0.4889498 0.2877911 0.02111335 0.6796277 0.2501805 0.1557625 0.5233811 0.09933738 0.1142462 0.6337069 0.06526158 0.1557625 0.5233811 0.016059 0.1142462 0.6337069 -0.03001342 -0.1847008 0.6403587 -0.1784488 -0.2852723 0.4569836 0.016059 0.02093885 0.5069404 -0.1723947 0.1557625 0.5233811 0.016059 -0.004421482 0.6337069 -0.1784488 -0.1710442 0.506327 -0.1723947 -0.2852723 0.4569836 0.016059 -0.2905711 0.6337069 -0.03001342 -0.2035446 0.7817354 -0.07496665 -0.1847008 0.6403587 -0.1784488 -0.004421482 0.6337069 -0.1784488 -0.2064363 0.7959917 0.08803762 -0.2905711 0.664021 0.1247462 -0.1091252 0.7009202 0.2501805 0.001057935 0.7959917 0.08437669 0.02111335 0.6796277 0.2501805 0.1142462 0.6337069 0.06526158 -0.007588882 0.7817354 -0.06138809 0.1142462 0.6337069 -0.03001342 0.1475868 0.09774924 -0.3104592 -0.1294372 0.3595276 -0.3110598 0.1487225 0.2618832 -0.3103789 0.3064275 0.3619059 -0.1467178 -0.191098 0.09774924 -0.3104592 0.3169292 0.09774921 -0.1464175 -0.3604404 0.09774921 -0.1464175 -0.3677785 0.3169876 -0.1467178 0.3169292 0.09774921 0.1816657 0.3064275 0.3619059 0.181966 -0.3677785 0.3169877 0.181966 -0.3604404 0.09774921 0.1816657 0.1175169 0.3249226 0.3463079 0.1475868 0.09774918 0.3457074 -0.191098 0.09774918 0.3457074 -0.1294372 0.3595276 0.3463079  
			<Colors>: 0  
			<Normals>: 65 0.4823242 0.8516215 0.2051932 0.2586807 0.8860781 -0.3846428 0.480074 0.8532403 -0.2037397 0.2586807 0.8860781 -0.3846428 0.4733573 0.8264208 0.3048956 0.1732573 0.5846836 0.7925447 0.2626621 0.6026134 0.7535686 -0.2540383 0.4658776 0.8475982 -0.2066457 0.4844494 0.8500625 -0.6857101 0.5901296 0.4260854 -0.6933964 0.6307029 0.3484472 -0.6850127 0.7223088 -0.09501349 -0.5794538 0.7552899 -0.3062196 -0.3094224 0.7597457 -0.5718778 -0.09198452 0.70316 -0.7050566 0.2668981 0.7444161 -0.612054 0.2299171 0.7577413 -0.6107097 0.480074 0.8532403 -0.2037397 -0.8376737 0.09389185 0.5380399 -0.8959051 -0.1797011 -0.4062775 -0.9519553 -0.1265537 -0.2788643 -0.8627549 0.1022059 0.4951847 -0.2507519 0.2405097 0.9376985 -0.2372438 0.2583522 0.9364665 0.3377132 0.2240821 0.9141865 0.3889157 0.2868038 0.8754931 0.824034 0.4829379 0.2962075 0.8161055 0.5544524 0.1629546 0.8843834 0.3981091 -0.2436697 0.8346941 0.2621751 -0.4843034 -0.409436 -0.1380931 -0.9018273 -0.9519553 -0.1265537 -0.2788643 0.4125409 0.05815336 -0.909081 0.8843834 0.3981091 -0.2436697 0.3008401 0.03790303 -0.9529211 -0.4014923 -0.1189974 -0.9080989 -0.9519553 -0.1265537 -0.2788643 -0.745073 0.6095306 -0.2708112 -0.348459 0.8366939 -0.4225157 -0.2252641 0.6440921 -0.7310277 0.2394348 0.6913329 -0.681711 -0.3473592 0.9145288 0.2073128 -0.6331328 0.7326288 0.2497958 -0.06119976 0.8679239 0.4929125 0.3229379 0.9339552 0.1530974 0.3072702 0.8548223 0.4181672 0.6519387 0.7544013 0.0765152 0.2979869 0.8758356 -0.3796259 0.6205865 0.7561138 -0.2077604 0.3066248 -0.2318614 -0.9231585 -0.2515753 -0.158877 -0.9547083 0.329704 -0.2859877 -0.8997257 0.9000021 -0.1962062 -0.3892292 -0.3558754 -0.07229385 -0.931733 0.8764017 -0.1708763 -0.4502456 -0.8275471 -0.2293165 -0.5124253 -0.7841515 -0.289234 -0.5490448 0.872215 -0.1584504 0.4627465 0.8674693 -0.1709778 0.4671868 -0.8268543 -0.2329842 0.511889 -0.8454387 -0.2968268 0.4439901 0.2751537 -0.1674638 0.946703 0.3314508 -0.1561736 0.9304569 -0.3077577 -0.1484247 0.9398167 -0.212875 -0.1134534 0.9704702  
			<SubMeshes>: 1
				<SubMesh>: 0 186 0 1 2 3 0 4 5 4 0 4 5 6 7 6 5 6 7 8 9 8 7 8 9 10 11 10 9 10 11 12 13 12 11 12 13 14 15 14 13 14 15 16 16 17 3 17 16 15 18 19 20 19 18 21 22 21 18 21 22 23 24 23 22 23 24 25 26 25 24 25 26 27 28 27 26 27 28 29 30 31 19 32 29 33 29 32 34 35 34 32 34 35 30 36 30 35 37 38 39 38 40 39 37 41 38 41 37 42 43 41 42 43 44 41 44 38 41 44 43 45 44 45 46 40 38 47 38 44 47 46 47 44 47 48 40 47 46 48 49 50 51 52 49 51 50 49 53 49 52 54 55 50 53 50 55 56 52 57 54 57 52 58 55 59 56 59 55 60 61 57 58 57 61 62 63 59 60 61 63 62 59 63 64 63 61 64  
		</Mesh>
		<Materials>: 1
			<Material>: 0
				<AlbedoColor>: 0.588 0.588 0.588 1
		</Materials>
		<Children>: 0
	</Frame>
</Hierarchy>
