<Hierarchy>:
	<Frame>: 0 Rock2
		<Transform>: 3 0 3.267579 0 0 0 1 1 1 0 0 0 1  
		<TransformMatrix>: 1 0 0 0 0 1 0 0 0 0 1 0 3 0 3.267579 1  
		<Mesh>: 47 Rock2
			<Bounds>: -0.05926748 0.3105651 0.06675281 0.2861392 0.212816 0.3763334
			<Positions>: 47 -0.08123086 0.4255702 0.2877911 0.1047234 0.5233811 0.1377661 -0.2759618 0.3360123 0.1588221 -0.2759618 0.3328977 -0.02765009 -0.2759618 0.3360123 0.1588221 0.1047234 0.5233811 -0.02237004 0.1047234 0.5233811 0.1377661 -0.08123086 0.4255702 0.2877911 0.03352654 0.4672216 0.2877911 -0.2759618 0.3328977 -0.02765009 -0.06063576 0.372787 -0.1759668 -0.1971551 0.3224452 -0.1759668 -0.06063576 0.372787 -0.1759668 -0.2759618 0.3328977 -0.02765009 0.1047234 0.5233811 -0.02237004 -0.01290302 0.09774923 -0.30898 -0.2093906 0.257718 -0.3095806 -0.0122917 0.2618832 -0.3088998 0.2189126 0.3273263 -0.0864723 -0.1952065 0.09774923 -0.30898 0.2268718 0.09774921 -0.07717308 -0.2865072 0.09774921 -0.1464175 -0.3454067 0.2475389 -0.1467178 0.2268718 0.09774922 0.2572195 0.2189126 0.3060029 0.2697534 -0.3454067 0.247539 0.2787443 -0.2865072 0.09774922 0.2784441 0.07573705 0.3249226 0.4430862 0.09852705 0.09774918 0.4424857 -0.1581624 0.09774918 0.4424857 -0.1663928 0.3186782 0.4430861 0.2189126 0.3273263 -0.0864723 0.1047234 0.5233811 0.1377661 0.2189126 0.3060029 0.2697534 0.1047234 0.5233811 -0.02237004 0.03352654 0.4672216 0.2877911 -0.0122917 0.2618832 -0.3088998 0.07573705 0.3249226 0.4430862 -0.06063576 0.372787 -0.1759668 -0.08123086 0.4255702 0.2877911 -0.2093906 0.257718 -0.3095806 -0.1663928 0.3186782 0.4430861 -0.1971551 0.3224452 -0.1759668 -0.2759618 0.3360123 0.1588221 -0.3454067 0.2475389 -0.1467178 -0.3454067 0.247539 0.2787443 -0.2759618 0.3328977 -0.02765009  
			<Colors>: 0  
			<Normals>: 47 -0.4394395 0.8973647 0.04036883 -0.4394396 0.8973647 0.04036883 -0.4394395 0.8973647 0.04036883 -0.4434409 0.8962296 -0.01151945 -0.4422151 0.896784 -0.01497888 -0.4474782 0.8942948 0 -0.3351798 0.9234851 0.1866273 -0.3351798 0.9234851 0.1866273 -0.3351798 0.9234851 0.1866273 -0.3356522 0.9102387 -0.2424937 -0.3356522 0.9102387 -0.2424937 -0.3356522 0.9102387 -0.2424937 -0.4110358 0.8318039 -0.3730303 -0.4110359 0.8318039 -0.3730303 -0.4110359 0.8318039 -0.3730304 0.3066248 -0.2318614 -0.9231585 -0.2515753 -0.158877 -0.9547083 0.329704 -0.2859877 -0.8997257 0.9000021 -0.1962062 -0.3892292 -0.3558754 -0.07229385 -0.931733 0.8764017 -0.1708763 -0.4502456 -0.8275471 -0.2293165 -0.5124253 -0.7841515 -0.289234 -0.5490448 0.872215 -0.1584504 0.4627465 0.8674693 -0.1709778 0.4671868 -0.8268543 -0.2329842 0.511889 -0.8454387 -0.2968268 0.4439901 0.2751537 -0.1674638 0.946703 0.3314508 -0.1561736 0.9304569 -0.3077577 -0.1484247 0.9398167 -0.212875 -0.1134534 0.9704702 0.2586807 0.8860781 -0.3846428 0.4823242 0.8516215 0.2051932 0.4733573 0.8264208 0.3048956 0.480074 0.8532403 -0.2037397 0.1732573 0.5846836 0.7925447 0.2299171 0.7577413 -0.6107097 0.2626621 0.6026134 0.7535686 0.2668981 0.7444161 -0.612054 -0.2540383 0.4658776 0.8475982 -0.09198452 0.70316 -0.7050566 -0.2066457 0.4844494 0.8500625 -0.3094224 0.7597457 -0.5718778 -0.6857101 0.5901296 0.4260854 -0.5794538 0.7552899 -0.3062196 -0.6933964 0.6307029 0.3484472 -0.6850127 0.7223088 -0.09501349  
			<SubMeshes>: 1
				<SubMesh>: 0 114 0 1 2 1 3 4 3 1 5 6 7 8 9 10 11 12 13 14 15 16 17 18 15 17 16 15 19 15 18 20 21 16 19 16 21 22 18 23 20 23 18 24 21 25 22 25 21 26 27 23 24 23 27 28 29 25 26 27 29 28 25 29 30 29 27 30 31 32 33 32 31 34 35 33 32 36 34 31 33 35 37 34 36 38 39 37 35 40 38 36 37 39 41 38 40 42 43 41 39 44 42 40 41 43 45 42 44 46 46 45 43 45 46 44  
		</Mesh>
		<Materials>: 1
			<Material>: 0
				<AlbedoColor>: 0.588 0.588 0.588 1
		</Materials>
		<Children>: 0
	</Frame>
</Hierarchy>
