0000000000000000000000000314131413141314131413141311413141314131413141314130000000000000000000000000
0000000000000000000000001000000000000000022000000000000000000000000000000001000000000000000000000000
0000000000000000000000040000000000000200000000000000000000020000000220000000400000000000000000000000
0000000000000000000000100000000002000000000000000000000000000000000000000000010000000000000000000000
0000000000000000000003000000200000000000000000000020000000000000000000200000003000000000000000000000
0000000000000000000010000020000000000000020000000000000000000000000000000000000100000000000000000000
0000000000000000000040000000000000000000000000000000000000020000000200002000000400000000000000000000
0000000000000000000100200000000131413141314131413113141314131413141310000000200010000000000000000000
0000000000000000000300000200004000000000000000000000000000000000000004000000000030000000000000000000
0000000000000000001000200000010000000000000000000000000000000000000000100200000001000000000000000000

0000000000000000040000002000300000000000000000000000000000000000000000030000000000400000000000000000
0000000000000000010200000000100000000000000000000000000000000000000000010000000200100000000000000000
0000000000000000300000000004000000000000000000000000000000000000000000004002000000030000000000000000
0000000000000000100000000211314131413141314131413114131413141314131413141120000000010000000000000000
0000000000000004000000000000020000020000020000020000002000000200000200000000000000004000000000000000
0000000000000001000000000013141314131413141314131141314131413141314131413100002000001000000000000000
0000000000000030000002000400000000000000000000000000000000000000000000000040000000000300000000000000
0000000000000010002000000100000000000000000000000000000000000000000000000010000000000100000000000000
0000000000000400000000003000000000000000000000000000000000000000000000000003002000000040000000000000
0000000000000100200002001000000000000000000000000000000000000000000000000001000002000010000000000000

0000000000003002000000040000000000000000000000000000000000000000000000000000400000002000300000000000
0000000000001000000200010000000000000000000000000000000000000000000000000000100220000001000000000000
0000000000040000000000300000000000000000000000000000000000000000000000000000030000000000400000000000
0000000000010200000000100000000000000000000000000000000000000000000000000000010000020000100000000000
0000000000030000002000400000000000000000000000000000000000000000000000000000040002000000300000000000
0000000000102200000001000000000000000000000000000000000000000000000000000000001000000000010000000000
0000000000400000000003000000000000000000000000000000000000000000000000000000003000000000040000000000
0000000000100000200001000000000000000000000000000000000000000000000000000000001000000000010000000000
0000000000300020000004000000000000000000000000000000000000000000000000000000004000200000030000000000
0000000000100000000001000000000000000000000000000000000000000000000000000000001000000200010000000000

0000000000400200000003000000000000000000000000000000000000000000000000000000003000000000040000000000
0000000000100000200001000000000000000000000000000000000000000000000000000000001000200000010000000000
0000000000300000000004000000000000000000000000000000000000000000000000000000004000000000030000000000
0000000000100000200001000000000000000000000000000000000000000000000000000000001002000000010000000000
0000000000400200000003000000000000000000000000000000000000000000000000000000003000000000040000000000
0000000000100000000001000000000000000000000000000000000000000000000000000000001000000200010000000000
0000000000300000020004000000000000000000000000000000000000000000000000000000004000000200030000000000
0000000000102200000001000000000000000000000000000000000000000000000000000000001000200000010000000000
0000000000400000020003000000000000000000000000000000000000000000000000000000003020000000040000000000
0000000000100000020001000000000000000000000000000000000000000000000000000000001000000200010000000000

0000000000300000020004000000000000000000000000000000000000000000000000000000004000000000030000000000
0000000000100200000001000000000000000000000000000000000000000000000000000000001020000000010000000000
0000000000400200000003000000000000000000000000000000000000000000000000000000003000000000040000000000
0000000000100000200001000000000000000000000000000000000000000000000000000000001000000000010000000000
0000000000300000000004000000000000000000000000000000000000000000000000000000004000002000030000000000
0000000000100200000001000000000000000000000000000000000000000000000000000000001000000000010000000000
0000000000400000020003000000000000000000000000000000000000000000000000000000003002000000040000000000
0000000000100000000001000000000000000000000000000000000000000000000000000000001000000000010000000000
0000000000300002000004000000000000000000000000000000000000000000000000000000004000000200030000000000
0000000000100000000001000000000000000000000000000000000000000000000000000000001000000200010000000000

0000000000400200000003000000000000000000000000000000000000000000000000000000003000000000040000000000
0000000000100000020001000000000000000000000000000000000000000000000000000000001002000000010000000000
0000000000300200000004000000000000000000000000000000000000000000000000000000004000000200030000000000
0000000000100002000001000000000000000000000000000000000000000000000000000000001200000000010000000000
0000000000400002000003000000000000000000000000000000000000000000000000000000003000002000040000000000
0000000000100000000001000000000000000000000000000000000000000000000000000000001020000000010000000000
0000000000300000002004000000000000000000000000000000000000000000000000000000004000000200030000000000
0000000000102000000001000000000000000000000000000000000000000000000000000000001000000000010000000000
0000000000400000000003000000000000000000000000000000000000000000000000000000003000020000040000000000
0000000000102000000001000000000000000000000000000000000000000000000000000000001000000000010000000000

0000000000300002000004000000000000000000000000000000000000000000000000000000004002000000030000000000
0000000000100000002001000000000000000000000000000000000000000000000000000000001000000200010000000000
0000000000400000002003000000000000000000000000000000000000000000000000000000003000000000040000000000
0000000000100000000001000000000000000000000000000000000000000000000000000000001002000000010000000000
0000000000302000000004000000000000000000000000000000000000000000000000000000004000000200030000000000
0000000000100000200001000000000000000000000000000000000000000000000000000000001000002000010000000000
0000000000400000020003000000000000000000000000000000000000000000000000000000003002000000040000000000
0000000000100200000001000000000000000000000000000000000000000000000000000000001000000000010000000000
0000000000300000000004000000000000000000000000000000000000000000000000000000004000000000030000000000
0000000000100000200001000000000000000000000000000000000000000000000000000000001000022000010000000000

0000000000402000000003000000000000000000000000000000000000000000000000000000003000000000040000000000
0000000000100000020001000000000000000000000000000000000000000000000000000000001022000000010000000000
0000000000300000000004000000000000000000000000000000000000000000000000000000004000002000030000000000
0000000000102000000001000000000000000000000000000000000000000000000000000000001000000000010000000000
0000000000400000020003000000000000000000000000000000000000000000000000000000003000000000040000000000
0000000000010000000000100000000000000000000000000000000000000000000000000000010000000000100000000000
0000000000030002000000400000000000000000000000000000000000000000000000000000040222000000300000000000
0000000000010000000000100000000000000000000000000000000000000000000000000000010000000000100000000000
0000000000004000020000030000000000000000000000000000000000000000000000000000300000200004000000000000
0000000000001000000000010000000000000000000000000000000000000000000000000000100002000001000000000000

0000000000000302000000004000000000000000000000000000000000000000000000000004000000000030000000000000
0000000000000100002000001000000000000000000000000000000000000000000000000001000000020010000000000000
0000000000000040000000000300000000000000000000000000000000000000000000000030020000000400000000000000
0000000000000010000000200100000000000000000000000000000000000000000000000010000020000100000000000000
0000000000000003000000000040000000000000000000000000000000000000000000000400020000003000000000000000
0000000000000001000200000010000000000000000000000000000000000000000000000100000002001000000000000000
0000000000000000400000020003000000000000000000000000000000000000000000003002000000040000000000000000
0000000000000000100000000001000000000000000000000000000000000000000000001000000200010000000000000000
0000000000000000030002000000400000000000000000000000000000000000000000040020000000300000000000000000
0000000000000000010000002000100000000000000000000000000000000000000000010000002000100000000000000000

0000000000000000004002000000030000000000000000000000000000000000000000302000000004000000000000000000
0000000000000000000100000020001000000000000000000000000000000000000001000002000010000000000000000000
0000000000000000000300000000000413141314131413141311413141314131413140000020000030000000000000000000
0000000000000000000010002000000000000000000000000000000002000000000000000200000100000000000000000000
0000000000000000000040000000000200000000000000000000000002000000000002000000000400000000000000000000
0000000000000000000001000000000200000000000020000000000002000000000002000000001000000000000000000000
0000000000000000000000300000000200000000000020000000000000000000000002000000030000000000000000000000
0000000000000000000000010000000000000000000020000000000000000000000000000000100000000000000000000000
0000000000000000000000004000000000000000000000000000000000000000000000000004000000000000000000000000
0000000000000000000000000131413141314131413141314131141314131413141314131410000000000000000000000000